{"producer":{"name":"Blender","version":"2.79 (sub 0)","exporter_version":"5.6.2","file":"Knuckles.babylon"},
"autoClear":true,"clearColor":[0.0509,0.0509,0.0509],"ambientColor":[0,0,0],"gravity":[0,-9.81,0],
"materials":[{"name":"Knuckles.Material.002","id":"Knuckles.Material.002","ambient":[0.8,0.8,0.8],"diffuse":[0.64,0.64,0.64],"specular":[0,0,0],"emissive":[0,0,0],"specularPower":50,"alpha":0,"backFaceCulling":true,"checkReadyOnlyOnce":false,"maxSimultaneousLights":4},
{"name":"Knuckles.Material.001","id":"Knuckles.Material.001","ambient":[0.8,0.8,0.8],"diffuse":[0.64,0.64,0.64],"specular":[1,1,1],"emissive":[0,0,0],"specularPower":75,"alpha":0,"backFaceCulling":true,"checkReadyOnlyOnce":false,"maxSimultaneousLights":4},
{"name":"Knuckles.Material.003","id":"Knuckles.Material.003","ambient":[1,1,1],"diffuse":[0.8,0.8,0.8],"specular":[0.0304,0.0304,0.0304],"emissive":[0,0,0],"specularPower":50,"alpha":1,"backFaceCulling":true,"checkReadyOnlyOnce":false,"maxSimultaneousLights":4, 
"diffuseTexture":{"name":"KnucklesAlbedo.png","level":1,"hasAlpha":1,"coordinatesMode":0,"uOffset":0,"vOffset":0,"uScale":1,"vScale":1,"uAng":0,"vAng":0,"wAng":0,"wrapU":1,"wrapV":1,"coordinatesIndex":0}}],
"multiMaterials":[{"name":"Knuckles.Multimaterial#0","id":"Knuckles.Multimaterial#0","materials":["Knuckles.Material.002","Knuckles.Material.001"]}],
"skeletons":[{"name":"Armature","id":0,"dimensionsAtRest":[5.0137,5.0275,0.9625],"bones":[
{"name":"Hip","index":0,"matrix":[0.9175,-0.2056,-0.3404,0,0.2722,0.9487,0.1606,0,-0.2899,0.24,-0.9265,0,0,1.1656,-0.1366,1],"rest":[1,0,0.0038,0,0,1,-0.005,0,0.0038,-0.005,-1,0,0,1.2106,0.0352,1],"parentBoneIndex":-1,"length":0.7085
,"animation":{"dataType":3,"framePerSecond":60,"keys":[
{"frame":0,"values":[0.9175,-0.2056,-0.3404,0,0.2722,0.9487,0.1606,0,-0.2899,0.24,-0.9265,0,0,1.1656,-0.1366,1]},
{"frame":26,"values":[0.9175,-0.2056,-0.3404,0,0.2722,0.9487,0.1606,0,-0.2899,0.24,-0.9265,0,0,1.1656,-0.1366,1]},
{"frame":41,"values":[0.9175,-0.2056,-0.3404,0,0.2722,0.9487,0.1606,0,-0.2899,0.24,-0.9265,0,0,1.1656,-0.1366,1]},
{"frame":42,"values":[0.923,-0.2234,-0.3133,0,0.2796,0.9487,0.1474,0,-0.2643,0.2236,-0.9381,0,-0.0214,1.1683,-0.1185,1]},
{"frame":43,"values":[0.9355,-0.269,-0.2289,0,0.2997,0.9475,0.1113,0,-0.187,0.1727,-0.9671,0,-0.0772,1.1773,-0.0675,1]},
{"frame":44,"values":[0.9435,-0.3124,-0.1103,0,0.321,0.9444,0.0708,0,-0.082,0.1022,-0.9914,0,-0.1332,1.1915,-0.007,1]},
{"frame":45,"values":[0.9444,-0.3289,-0.0013,0,0.3286,0.9435,0.0439,0,0.0132,0.0418,-0.999,0,-0.1546,1.2071,0.0352,1]},
{"frame":46,"values":[0.9429,-0.3123,0.1156,0,0.3115,0.9499,0.0251,0,0.1176,-0.0123,-0.993,0,-0.1333,1.2283,0.0615,1]},
{"frame":47,"values":[0.9331,-0.2541,0.2545,0,0.2621,0.965,0.0027,0,0.2463,-0.0642,-0.9671,0,-0.0775,1.257,0.0806,1]},
{"frame":48,"values":[0.9179,-0.1701,0.3585,0,0.1909,0.9813,-0.0232,0,0.3479,-0.0897,-0.9332,0,-0.0216,1.2806,0.0901,1]},
{"frame":49,"values":[0.9153,-0.0911,0.3924,0,0.1175,0.9921,-0.0437,0,0.3853,-0.0861,-0.9187,0,0,1.2889,0.0924,1]},
{"frame":50,"values":[0.9206,-0.0158,0.3901,0,0.0273,0.9993,-0.0239,0,0.3894,-0.0327,-0.9205,0,0.0003,1.2719,0.0608,1]},
{"frame":51,"values":[0.9206,0.0653,0.385,0,-0.0925,0.9943,0.0526,0,0.3794,0.084,-0.9214,0,0.0006,1.2272,-0.0221,1]},
{"frame":52,"values":[0.9169,0.1415,0.3733,0,-0.2031,0.9703,0.1312,0,0.3436,0.1961,-0.9184,0,0.001,1.1826,-0.1049,1]},
{"frame":53,"values":[0.9149,0.2057,0.3473,0,-0.2735,0.9487,0.1586,0,0.2969,0.2401,-0.9243,0,0.0013,1.1656,-0.1366,1]},
{"frame":54,"values":[0.9187,0.2603,0.2971,0,-0.3124,0.9391,0.1431,0,0.2418,0.2243,-0.9441,0,0.0227,1.1683,-0.1183,1]},
{"frame":55,"values":[0.9291,0.3019,0.2134,0,-0.3295,0.938,0.1076,0,0.1677,0.1703,-0.971,0,0.0782,1.1773,-0.0669,1]},
{"frame":56,"values":[0.94,0.3231,0.1091,0,-0.3313,0.9411,0.0674,0,0.0809,0.0996,-0.9917,0,0.1335,1.1915,-0.006,1]},
{"frame":57,"values":[0.9443,0.3289,0.0084,0,-0.3289,0.9434,0.0414,0,-0.0057,0.0418,-0.9991,0,0.1546,1.2071,0.0363,1]},
{"frame":58,"values":[0.9437,0.313,-0.1071,0,-0.3119,0.9497,0.0271,0,-0.1102,-0.0078,-0.9939,0,0.1331,1.2283,0.0625,1]},
{"frame":59,"values":[0.935,0.2571,-0.2444,0,-0.2621,0.965,0.0124,0,-0.239,-0.0525,-0.9696,0,0.0772,1.257,0.0811,1]},
{"frame":60,"values":[0.921,0.1762,-0.3475,0,-0.1902,0.9817,-0.0064,0,-0.34,-0.072,-0.9377,0,0.0212,1.2806,0.0903,1]},
{"frame":61,"values":[0.919,0.0987,-0.3818,0,-0.1165,0.9929,-0.0238,0,-0.3767,-0.0664,-0.9239,0,-0.0004,1.2889,0.0924,1]},
{"frame":62,"values":[0.9277,0.0119,-0.3732,0,-0.0162,0.9998,-0.0083,0,-0.373,-0.0137,-0.9277,0,-0.0006,1.2719,0.0608,1]},
{"frame":63,"values":[0.93,-0.0943,-0.3554,0,0.1231,0.9906,0.0591,0,-0.3465,0.0987,-0.9329,0,-0.0004,1.2272,-0.0221,1]},
{"frame":64,"values":[0.9222,-0.1775,-0.3435,0,0.2346,0.9631,0.1322,0,-0.3074,0.2025,-0.9298,0,-0.0001,1.1826,-0.1049,1]},
{"frame":65,"values":[0.9175,-0.2056,-0.3404,0,0.2722,0.9487,0.1606,0,-0.2899,0.24,-0.9265,0,0,1.1656,-0.1366,1]},
{"frame":71,"values":[0.9175,-0.2056,-0.3404,0,0.2722,0.9487,0.1606,0,-0.2899,0.24,-0.9265,0,0,1.1656,-0.1366,1]},
{"frame":72,"values":[0.923,-0.2234,-0.3133,0,0.2796,0.9487,0.1474,0,-0.2643,0.2236,-0.9381,0,-0.0214,1.1683,-0.1185,1]},
{"frame":73,"values":[0.9355,-0.269,-0.2289,0,0.2997,0.9475,0.1113,0,-0.187,0.1727,-0.9671,0,-0.0772,1.1773,-0.0675,1]},
{"frame":74,"values":[0.9435,-0.3124,-0.1103,0,0.321,0.9444,0.0708,0,-0.082,0.1022,-0.9914,0,-0.1332,1.1915,-0.007,1]},
{"frame":75,"values":[0.9444,-0.3289,-0.0013,0,0.3286,0.9435,0.0439,0,0.0132,0.0418,-0.999,0,-0.1546,1.2071,0.0352,1]},
{"frame":76,"values":[0.9429,-0.3123,0.1156,0,0.3115,0.9499,0.0251,0,0.1176,-0.0123,-0.993,0,-0.1333,1.2283,0.0615,1]},
{"frame":77,"values":[0.9331,-0.2541,0.2545,0,0.2621,0.965,0.0027,0,0.2463,-0.0642,-0.9671,0,-0.0775,1.257,0.0806,1]},
{"frame":78,"values":[0.9179,-0.1701,0.3585,0,0.1909,0.9813,-0.0232,0,0.3479,-0.0897,-0.9332,0,-0.0216,1.2806,0.0901,1]},
{"frame":79,"values":[0.9153,-0.0911,0.3924,0,0.1175,0.9921,-0.0437,0,0.3853,-0.0861,-0.9187,0,0,1.2889,0.0924,1]},
{"frame":80,"values":[0.9206,-0.0158,0.3901,0,0.0273,0.9993,-0.0239,0,0.3894,-0.0327,-0.9205,0,0.0003,1.2719,0.0608,1]},
{"frame":81,"values":[0.9206,0.0653,0.385,0,-0.0925,0.9943,0.0526,0,0.3794,0.084,-0.9214,0,0.0006,1.2272,-0.0221,1]},
{"frame":82,"values":[0.9169,0.1415,0.3733,0,-0.2031,0.9703,0.1312,0,0.3436,0.1961,-0.9184,0,0.001,1.1826,-0.1049,1]},
{"frame":83,"values":[0.9149,0.2057,0.3473,0,-0.2735,0.9487,0.1586,0,0.2969,0.2401,-0.9243,0,0.0013,1.1656,-0.1366,1]},
{"frame":84,"values":[0.9187,0.2603,0.2971,0,-0.3124,0.9391,0.1431,0,0.2418,0.2243,-0.9441,0,0.0227,1.1683,-0.1183,1]},
{"frame":85,"values":[0.9291,0.3019,0.2134,0,-0.3295,0.938,0.1076,0,0.1677,0.1703,-0.971,0,0.0782,1.1773,-0.0669,1]},
{"frame":86,"values":[0.94,0.3231,0.1091,0,-0.3313,0.9411,0.0674,0,0.0809,0.0996,-0.9917,0,0.1335,1.1915,-0.006,1]},
{"frame":87,"values":[0.9443,0.3289,0.0084,0,-0.3289,0.9434,0.0414,0,-0.0057,0.0418,-0.9991,0,0.1546,1.2071,0.0363,1]},
{"frame":88,"values":[0.9437,0.313,-0.1071,0,-0.3119,0.9497,0.0271,0,-0.1102,-0.0078,-0.9939,0,0.1331,1.2283,0.0625,1]},
{"frame":89,"values":[0.935,0.2571,-0.2444,0,-0.2621,0.965,0.0124,0,-0.239,-0.0525,-0.9696,0,0.0772,1.257,0.0811,1]},
{"frame":90,"values":[0.921,0.1762,-0.3475,0,-0.1902,0.9817,-0.0064,0,-0.34,-0.072,-0.9377,0,0.0212,1.2806,0.0903,1]},
{"frame":91,"values":[0.919,0.0987,-0.3818,0,-0.1165,0.9929,-0.0238,0,-0.3767,-0.0664,-0.9239,0,-0.0004,1.2889,0.0924,1]},
{"frame":92,"values":[0.9277,0.0119,-0.3732,0,-0.0162,0.9998,-0.0083,0,-0.373,-0.0137,-0.9277,0,-0.0006,1.2719,0.0608,1]},
{"frame":93,"values":[0.93,-0.0943,-0.3554,0,0.1231,0.9906,0.0591,0,-0.3465,0.0987,-0.9329,0,-0.0004,1.2272,-0.0221,1]},
{"frame":94,"values":[0.9222,-0.1775,-0.3435,0,0.2346,0.9631,0.1322,0,-0.3074,0.2025,-0.9298,0,-0.0001,1.1826,-0.1049,1]},
{"frame":95,"values":[0.9175,-0.2056,-0.3404,0,0.2722,0.9487,0.1606,0,-0.2899,0.24,-0.9265,0,0,1.1656,-0.1366,1]}],"loopBehavior":1,"name":"anim","property":"_matrix"}},
{"name":"Spine","index":1,"matrix":[0.9988,0.01,-0.0475,0,0.0056,0.9485,0.3168,0,0.0482,-0.3167,0.9473,0,0,0.5992,0,1],"rest":[1,0.0016,-0.0024,0,-0.001,0.9663,0.2575,0,0.0027,-0.2575,0.9663,0,0,0.5992,0,1],"parentBoneIndex":0,"length":0.4438
,"animation":{"dataType":3,"framePerSecond":60,"keys":[
{"frame":0,"values":[0.9988,0.01,-0.0475,0,0.0056,0.9485,0.3168,0,0.0482,-0.3167,0.9473,0,0,0.5992,0,1]},
{"frame":26,"values":[0.9988,0.01,-0.0475,0,0.0056,0.9485,0.3168,0,0.0482,-0.3167,0.9473,0,0,0.5992,0,1]},
{"frame":41,"values":[0.9988,0.01,-0.0475,0,0.0056,0.9485,0.3168,0,0.0482,-0.3167,0.9473,0,0,0.5992,0,1]},
{"frame":42,"values":[0.999,0.009,-0.0443,0,0.0053,0.9502,0.3115,0,0.0449,-0.3115,0.9492,0,0,0.5992,0,1]},
{"frame":43,"values":[0.9994,0.0062,-0.0341,0,0.0041,0.9552,0.2959,0,0.0344,-0.2958,0.9546,0,0,0.5992,0,1]},
{"frame":44,"values":[0.9998,0.0033,-0.0186,0,0.002,0.9614,0.2753,0,0.0188,-0.2752,0.9612,0,0,0.5992,0,1]},
{"frame":45,"values":[1,0.0016,-0.0024,0,-0.001,0.9663,0.2575,0,0.0027,-0.2575,0.9663,0,0,0.5992,0,1]},
{"frame":46,"values":[0.9998,0.0026,0.0188,0,-0.007,0.9708,0.2398,0,-0.0176,-0.2399,0.9706,0,0,0.5992,0,1]},
{"frame":47,"values":[0.9989,0.0068,0.0471,0,-0.017,0.9756,0.219,0,-0.0445,-0.2195,0.9746,0,0,0.5992,0,1]},
{"frame":48,"values":[0.9975,0.0115,0.0702,0,-0.0256,0.9789,0.2029,0,-0.0664,-0.2042,0.9767,0,0,0.5992,0,1]},
{"frame":49,"values":[0.9968,0.0134,0.0782,0,-0.0287,0.9799,0.1974,0,-0.074,-0.199,0.9772,0,0,0.5992,0,1]},
{"frame":50,"values":[0.9971,0.0105,0.0754,0,-0.0265,0.9764,0.2141,0,-0.0714,-0.2155,0.9739,0,0,0.5992,0,1]},
{"frame":51,"values":[0.9978,0.0032,0.0666,0,-0.0203,0.966,0.2576,0,-0.0636,-0.2584,0.964,0,0,0.5992,0,1]},
{"frame":52,"values":[0.9985,-0.0039,0.0542,0,-0.0126,0.9537,0.3005,0,-0.0529,-0.3008,0.9522,0,0,0.5992,0,1]},
{"frame":53,"values":[0.9991,-0.0067,0.0427,0,-0.0072,0.9484,0.3169,0,-0.0426,-0.3169,0.9475,0,0,0.5992,0,1]},
{"frame":54,"values":[0.9994,-0.0059,0.0331,0,-0.0047,0.9502,0.3116,0,-0.0333,-0.3116,0.9496,0,0,0.5992,0,1]},
{"frame":55,"values":[0.9997,-0.0032,0.0234,0,-0.0039,0.9552,0.2959,0,-0.0233,-0.2959,0.9549,0,0,0.5992,0,1]},
{"frame":56,"values":[0.9999,-0.0001,0.0119,0,-0.0032,0.9614,0.2753,0,-0.0114,-0.2753,0.9613,0,0,0.5992,0,1]},
{"frame":57,"values":[1,0.0016,-0.0024,0,-0.001,0.9663,0.2575,0,0.0027,-0.2575,0.9663,0,0,0.5992,0,1]},
{"frame":58,"values":[0.9997,0.0007,-0.0236,0,0.005,0.9708,0.2398,0,0.023,-0.2398,0.9705,0,0,0.5992,0,1]},
{"frame":59,"values":[0.9986,-0.0035,-0.0519,0,0.0148,0.9756,0.2189,0,0.0499,-0.2194,0.9744,0,0,0.5992,0,1]},
{"frame":60,"values":[0.9972,-0.0082,-0.075,0,0.0233,0.9789,0.2028,0,0.0717,-0.2039,0.9764,0,0,0.5992,0,1]},
{"frame":61,"values":[0.9965,-0.0101,-0.083,0,0.0264,0.98,0.1973,0,0.0794,-0.1988,0.9768,0,0,0.5992,0,1]},
{"frame":62,"values":[0.9969,-0.0071,-0.0783,0,0.0237,0.9765,0.214,0,0.0749,-0.2152,0.9737,0,0,0.5992,0,1]},
{"frame":63,"values":[0.9978,0.0005,-0.0656,0,0.0165,0.9661,0.2576,0,0.0635,-0.2581,0.964,0,0,0.5992,0,1]},
{"frame":64,"values":[0.9986,0.0075,-0.0526,0,0.0087,0.9537,0.3006,0,0.0524,-0.3006,0.9523,0,0,0.5992,0,1]},
{"frame":65,"values":[0.9988,0.01,-0.0475,0,0.0056,0.9485,0.3168,0,0.0482,-0.3167,0.9473,0,0,0.5992,0,1]},
{"frame":71,"values":[0.9988,0.01,-0.0475,0,0.0056,0.9485,0.3168,0,0.0482,-0.3167,0.9473,0,0,0.5992,0,1]},
{"frame":72,"values":[0.999,0.009,-0.0443,0,0.0053,0.9502,0.3115,0,0.0449,-0.3115,0.9492,0,0,0.5992,0,1]},
{"frame":73,"values":[0.9994,0.0062,-0.0341,0,0.0041,0.9552,0.2959,0,0.0344,-0.2958,0.9546,0,0,0.5992,0,1]},
{"frame":74,"values":[0.9998,0.0033,-0.0186,0,0.002,0.9614,0.2753,0,0.0188,-0.2752,0.9612,0,0,0.5992,0,1]},
{"frame":75,"values":[1,0.0016,-0.0024,0,-0.001,0.9663,0.2575,0,0.0027,-0.2575,0.9663,0,0,0.5992,0,1]},
{"frame":76,"values":[0.9998,0.0026,0.0188,0,-0.007,0.9708,0.2398,0,-0.0176,-0.2399,0.9706,0,0,0.5992,0,1]},
{"frame":77,"values":[0.9989,0.0068,0.0471,0,-0.017,0.9756,0.219,0,-0.0445,-0.2195,0.9746,0,0,0.5992,0,1]},
{"frame":78,"values":[0.9975,0.0115,0.0702,0,-0.0256,0.9789,0.2029,0,-0.0664,-0.2042,0.9767,0,0,0.5992,0,1]},
{"frame":79,"values":[0.9968,0.0134,0.0782,0,-0.0287,0.9799,0.1974,0,-0.074,-0.199,0.9772,0,0,0.5992,0,1]},
{"frame":80,"values":[0.9971,0.0105,0.0754,0,-0.0265,0.9764,0.2141,0,-0.0714,-0.2155,0.9739,0,0,0.5992,0,1]},
{"frame":81,"values":[0.9978,0.0032,0.0666,0,-0.0203,0.966,0.2576,0,-0.0636,-0.2584,0.964,0,0,0.5992,0,1]},
{"frame":82,"values":[0.9985,-0.0039,0.0542,0,-0.0126,0.9537,0.3005,0,-0.0529,-0.3008,0.9522,0,0,0.5992,0,1]},
{"frame":83,"values":[0.9991,-0.0067,0.0427,0,-0.0072,0.9484,0.3169,0,-0.0426,-0.3169,0.9475,0,0,0.5992,0,1]},
{"frame":84,"values":[0.9994,-0.0059,0.0331,0,-0.0047,0.9502,0.3116,0,-0.0333,-0.3116,0.9496,0,0,0.5992,0,1]},
{"frame":85,"values":[0.9997,-0.0032,0.0234,0,-0.0039,0.9552,0.2959,0,-0.0233,-0.2959,0.9549,0,0,0.5992,0,1]},
{"frame":86,"values":[0.9999,-0.0001,0.0119,0,-0.0032,0.9614,0.2753,0,-0.0114,-0.2753,0.9613,0,0,0.5992,0,1]},
{"frame":87,"values":[1,0.0016,-0.0024,0,-0.001,0.9663,0.2575,0,0.0027,-0.2575,0.9663,0,0,0.5992,0,1]},
{"frame":88,"values":[0.9997,0.0007,-0.0236,0,0.005,0.9708,0.2398,0,0.023,-0.2398,0.9705,0,0,0.5992,0,1]},
{"frame":89,"values":[0.9986,-0.0035,-0.0519,0,0.0148,0.9756,0.2189,0,0.0499,-0.2194,0.9744,0,0,0.5992,0,1]},
{"frame":90,"values":[0.9972,-0.0082,-0.075,0,0.0233,0.9789,0.2028,0,0.0717,-0.2039,0.9764,0,0,0.5992,0,1]},
{"frame":91,"values":[0.9965,-0.0101,-0.083,0,0.0264,0.98,0.1973,0,0.0794,-0.1988,0.9768,0,0,0.5992,0,1]},
{"frame":92,"values":[0.9969,-0.0071,-0.0783,0,0.0237,0.9765,0.214,0,0.0749,-0.2152,0.9737,0,0,0.5992,0,1]},
{"frame":93,"values":[0.9978,0.0005,-0.0656,0,0.0165,0.9661,0.2576,0,0.0635,-0.2581,0.964,0,0,0.5992,0,1]},
{"frame":94,"values":[0.9986,0.0075,-0.0526,0,0.0087,0.9537,0.3006,0,0.0524,-0.3006,0.9523,0,0,0.5992,0,1]},
{"frame":95,"values":[0.9988,0.01,-0.0475,0,0.0056,0.9485,0.3168,0,0.0482,-0.3167,0.9473,0,0,0.5992,0,1]}],"loopBehavior":1,"name":"anim","property":"_matrix"}},
{"name":"Chest","index":2,"matrix":[0.9941,0.0932,-0.0562,0,-0.0968,0.9931,-0.0657,0,0.0497,0.0708,0.9963,0,0,0.4438,0,1],"rest":[1,0,0.0064,0,0.0009,0.9908,-0.135,0,-0.0063,0.135,0.9908,0,0,0.4438,0,1],"parentBoneIndex":1,"length":0.712
,"animation":{"dataType":3,"framePerSecond":60,"keys":[
{"frame":0,"values":[0.9941,0.0932,-0.0562,0,-0.0968,0.9931,-0.0657,0,0.0497,0.0708,0.9963,0,0,0.4438,0,1]},
{"frame":26,"values":[0.9941,0.0932,-0.0562,0,-0.0968,0.9931,-0.0657,0,0.0497,0.0708,0.9963,0,0,0.4438,0,1]},
{"frame":41,"values":[0.9941,0.0932,-0.0562,0,-0.0968,0.9931,-0.0657,0,0.0497,0.0708,0.9963,0,0,0.4438,0,1]},
{"frame":42,"values":[0.9942,0.0933,-0.0535,0,-0.097,0.9927,-0.0716,0,0.0464,0.0763,0.996,0,0,0.4438,0,1]},
{"frame":43,"values":[0.9946,0.094,-0.0447,0,-0.0977,0.9912,-0.0889,0,0.036,0.0928,0.995,0,0,0.4438,0,1]},
{"frame":44,"values":[0.9949,0.0957,-0.0313,0,-0.0986,0.9888,-0.1118,0,0.0203,0.1143,0.9932,0,0,0.4438,0,1]},
{"frame":45,"values":[0.995,0.0981,-0.0169,0,-0.0995,0.9863,-0.1316,0,0.0038,0.1326,0.9912,0,0,0.4438,0,1]},
{"frame":46,"values":[0.9947,0.1032,0.0019,0,-0.1018,0.9832,-0.1516,0,-0.0175,0.1506,0.9884,0,0,0.4438,0,1]},
{"frame":47,"values":[0.9933,0.1124,0.0267,0,-0.1061,0.9788,-0.1751,0,-0.0458,0.1711,0.9842,0,0,0.4438,0,1]},
{"frame":48,"values":[0.9916,0.1209,0.0467,0,-0.1098,0.975,-0.193,0,-0.0689,0.1863,0.9801,0,0,0.4438,0,1]},
{"frame":49,"values":[0.9908,0.1241,0.0536,0,-0.1112,0.9736,-0.1991,0,-0.0769,0.1913,0.9785,0,0,0.4438,0,1]},
{"frame":50,"values":[0.9938,0.0947,0.0589,0,-0.0827,0.98,-0.181,0,-0.0748,0.175,0.9817,0,0,0.4438,0,1]},
{"frame":51,"values":[0.9975,0.0168,0.0691,0,-0.0075,0.9912,-0.1325,0,-0.0707,0.1317,0.9888,0,0,0.4438,0,1]},
{"frame":52,"values":[0.9954,-0.0621,0.0731,0,0.0681,0.9942,-0.0832,0,-0.0675,0.0878,0.9939,0,0,0.4438,0,1]},
{"frame":53,"values":[0.9933,-0.0932,0.0689,0,0.0976,0.9931,-0.0645,0,-0.0624,0.0708,0.9955,0,0,0.4438,0,1]},
{"frame":54,"values":[0.9936,-0.0943,0.0617,0,0.0986,0.9926,-0.0705,0,-0.0546,0.0762,0.9956,0,0,0.4438,0,1]},
{"frame":55,"values":[0.9941,-0.095,0.0533,0,0.0994,0.9912,-0.0879,0,-0.0445,0.0926,0.9947,0,0,0.4438,0,1]},
{"frame":56,"values":[0.9945,-0.096,0.0427,0,0.1002,0.9888,-0.1106,0,-0.0316,0.1143,0.993,0,0,0.4438,0,1]},
{"frame":57,"values":[0.9947,-0.0981,0.0296,0,0.1011,0.9863,-0.1303,0,-0.0164,0.1326,0.991,0,0,0.4438,0,1]},
{"frame":58,"values":[0.9946,-0.1032,0.0108,0,0.1037,0.9832,-0.1503,0,0.0049,0.1506,0.9886,0,0,0.4438,0,1]},
{"frame":59,"values":[0.9936,-0.1124,-0.014,0,0.1083,0.9788,-0.1737,0,0.0332,0.1711,0.9847,0,0,0.4438,0,1]},
{"frame":60,"values":[0.9921,-0.1209,-0.034,0,0.1123,0.975,-0.1916,0,0.0563,0.1863,0.9809,0,0,0.4438,0,1]},
{"frame":61,"values":[0.9914,-0.1241,-0.041,0,0.1137,0.9736,-0.1977,0,0.0644,0.1913,0.9794,0,0,0.4438,0,1]},
{"frame":62,"values":[0.9945,-0.0944,-0.0448,0,0.0849,0.98,-0.1798,0,0.0609,0.1751,0.9827,0,0,0.4438,0,1]},
{"frame":63,"values":[0.9985,-0.0158,-0.0522,0,0.0088,0.9912,-0.1324,0,0.0538,0.1317,0.9898,0,0,0.4438,0,1]},
{"frame":64,"values":[0.9964,0.0631,-0.0558,0,-0.0677,0.9941,-0.0842,0,0.0502,0.0877,0.9949,0,0,0.4438,0,1]},
{"frame":65,"values":[0.9941,0.0932,-0.0562,0,-0.0968,0.9931,-0.0657,0,0.0497,0.0708,0.9963,0,0,0.4438,0,1]},
{"frame":71,"values":[0.9941,0.0932,-0.0562,0,-0.0968,0.9931,-0.0657,0,0.0497,0.0708,0.9963,0,0,0.4438,0,1]},
{"frame":72,"values":[0.9942,0.0933,-0.0535,0,-0.097,0.9927,-0.0716,0,0.0464,0.0763,0.996,0,0,0.4438,0,1]},
{"frame":73,"values":[0.9946,0.094,-0.0447,0,-0.0977,0.9912,-0.0889,0,0.036,0.0928,0.995,0,0,0.4438,0,1]},
{"frame":74,"values":[0.9949,0.0957,-0.0313,0,-0.0986,0.9888,-0.1118,0,0.0203,0.1143,0.9932,0,0,0.4438,0,1]},
{"frame":75,"values":[0.995,0.0981,-0.0169,0,-0.0995,0.9863,-0.1316,0,0.0038,0.1326,0.9912,0,0,0.4438,0,1]},
{"frame":76,"values":[0.9947,0.1032,0.0019,0,-0.1018,0.9832,-0.1516,0,-0.0175,0.1506,0.9884,0,0,0.4438,0,1]},
{"frame":77,"values":[0.9933,0.1124,0.0267,0,-0.1061,0.9788,-0.1751,0,-0.0458,0.1711,0.9842,0,0,0.4438,0,1]},
{"frame":78,"values":[0.9916,0.1209,0.0467,0,-0.1098,0.975,-0.193,0,-0.0689,0.1863,0.9801,0,0,0.4438,0,1]},
{"frame":79,"values":[0.9908,0.1241,0.0536,0,-0.1112,0.9736,-0.1991,0,-0.0769,0.1913,0.9785,0,0,0.4438,0,1]},
{"frame":80,"values":[0.9938,0.0947,0.0589,0,-0.0827,0.98,-0.181,0,-0.0748,0.175,0.9817,0,0,0.4438,0,1]},
{"frame":81,"values":[0.9975,0.0168,0.0691,0,-0.0075,0.9912,-0.1325,0,-0.0707,0.1317,0.9888,0,0,0.4438,0,1]},
{"frame":82,"values":[0.9954,-0.0621,0.0731,0,0.0681,0.9942,-0.0832,0,-0.0675,0.0878,0.9939,0,0,0.4438,0,1]},
{"frame":83,"values":[0.9933,-0.0932,0.0689,0,0.0976,0.9931,-0.0645,0,-0.0624,0.0708,0.9955,0,0,0.4438,0,1]},
{"frame":84,"values":[0.9936,-0.0943,0.0617,0,0.0986,0.9926,-0.0705,0,-0.0546,0.0762,0.9956,0,0,0.4438,0,1]},
{"frame":85,"values":[0.9941,-0.095,0.0533,0,0.0994,0.9912,-0.0879,0,-0.0445,0.0926,0.9947,0,0,0.4438,0,1]},
{"frame":86,"values":[0.9945,-0.096,0.0427,0,0.1002,0.9888,-0.1106,0,-0.0316,0.1143,0.993,0,0,0.4438,0,1]},
{"frame":87,"values":[0.9947,-0.0981,0.0296,0,0.1011,0.9863,-0.1303,0,-0.0164,0.1326,0.991,0,0,0.4438,0,1]},
{"frame":88,"values":[0.9946,-0.1032,0.0108,0,0.1037,0.9832,-0.1503,0,0.0049,0.1506,0.9886,0,0,0.4438,0,1]},
{"frame":89,"values":[0.9936,-0.1124,-0.014,0,0.1083,0.9788,-0.1737,0,0.0332,0.1711,0.9847,0,0,0.4438,0,1]},
{"frame":90,"values":[0.9921,-0.1209,-0.034,0,0.1123,0.975,-0.1916,0,0.0563,0.1863,0.9809,0,0,0.4438,0,1]},
{"frame":91,"values":[0.9914,-0.1241,-0.041,0,0.1137,0.9736,-0.1977,0,0.0644,0.1913,0.9794,0,0,0.4438,0,1]},
{"frame":92,"values":[0.9945,-0.0944,-0.0448,0,0.0849,0.98,-0.1798,0,0.0609,0.1751,0.9827,0,0,0.4438,0,1]},
{"frame":93,"values":[0.9985,-0.0158,-0.0522,0,0.0088,0.9912,-0.1324,0,0.0538,0.1317,0.9898,0,0,0.4438,0,1]},
{"frame":94,"values":[0.9964,0.0631,-0.0558,0,-0.0677,0.9941,-0.0842,0,0.0502,0.0877,0.9949,0,0,0.4438,0,1]},
{"frame":95,"values":[0.9941,0.0932,-0.0562,0,-0.0968,0.9931,-0.0657,0,0.0497,0.0708,0.9963,0,0,0.4438,0,1]}],"loopBehavior":1,"name":"anim","property":"_matrix"}},
{"name":"Neck","index":3,"matrix":[0.9942,0.0989,-0.0425,0,-0.1058,0.9708,-0.2154,0,0.02,0.2186,0.9756,0,0,0.712,0,1],"rest":[1,0,0,0,0,0.9581,-0.2865,0,0,0.2865,0.9581,0,0,0.712,0,1],"parentBoneIndex":2,"length":0.2686
,"animation":{"dataType":3,"framePerSecond":60,"keys":[
{"frame":0,"values":[0.9942,0.0989,-0.0425,0,-0.1058,0.9708,-0.2154,0,0.02,0.2186,0.9756,0,0,0.712,0,1]},
{"frame":26,"values":[0.9942,0.0989,-0.0425,0,-0.1058,0.9708,-0.2154,0,0.02,0.2186,0.9756,0,0,0.712,0,1]},
{"frame":41,"values":[0.9942,0.0989,-0.0425,0,-0.1058,0.9708,-0.2154,0,0.02,0.2186,0.9756,0,0,0.712,0,1]},
{"frame":42,"values":[0.9943,0.0989,-0.0405,0,-0.1054,0.9695,-0.2214,0,0.0174,0.2244,0.9744,0,0,0.712,0,1]},
{"frame":43,"values":[0.9945,0.0988,-0.0335,0,-0.104,0.9654,-0.2391,0,0.0087,0.2413,0.9704,0,0,0.712,0,1]},
{"frame":44,"values":[0.9948,0.0992,-0.0224,0,-0.1016,0.9595,-0.2627,0,-0.0046,0.2636,0.9646,0,0,0.712,0,1]},
{"frame":45,"values":[0.9949,0.1003,-0.0098,0,-0.099,0.9539,-0.2832,0,-0.0191,0.2828,0.959,0,0,0.712,0,1]},
{"frame":46,"values":[0.9946,0.104,0.0071,0,-0.0969,0.9476,-0.3044,0,-0.0384,0.302,0.9525,0,0,0.712,0,1]},
{"frame":47,"values":[0.9934,0.1105,0.0298,0,-0.0946,0.9395,-0.3292,0,-0.0644,0.3242,0.9438,0,0,0.712,0,1]},
{"frame":48,"values":[0.9922,0.1144,0.049,0,-0.0904,0.9331,-0.3481,0,-0.0855,0.341,0.9362,0,0,0.712,0,1]},
{"frame":49,"values":[0.9922,0.1111,0.0574,0,-0.0838,0.9313,-0.3544,0,-0.0928,0.3468,0.9333,0,0,0.712,0,1]},
{"frame":50,"values":[0.9951,0.0782,0.0612,0,-0.0533,0.9406,-0.3354,0,-0.0838,0.3305,0.9401,0,0,0.712,0,1]},
{"frame":51,"values":[0.998,0.0038,0.0627,0,0.0142,0.9584,-0.2851,0,-0.0612,0.2854,0.9565,0,0,0.712,0,1]},
{"frame":52,"values":[0.9961,-0.0693,0.0553,0,0.0804,0.9688,-0.2343,0,-0.0373,0.2378,0.9706,0,0,0.712,0,1]},
{"frame":53,"values":[0.9942,-0.0989,0.0425,0,0.1058,0.9708,-0.2154,0,-0.02,0.2186,0.9756,0,0,0.712,0,1]},
{"frame":54,"values":[0.9944,-0.1011,0.032,0,0.1057,0.9693,-0.2218,0,-0.0086,0.2239,0.9746,0,0,0.712,0,1]},
{"frame":55,"values":[0.9946,-0.1009,0.0258,0,0.1041,0.9653,-0.2395,0,-0.0008,0.2409,0.9705,0,0,0.712,0,1]},
{"frame":56,"values":[0.9948,-0.1,0.0198,0,0.1017,0.9595,-0.2628,0,0.0072,0.2634,0.9647,0,0,0.712,0,1]},
{"frame":57,"values":[0.9949,-0.1003,0.0098,0,0.099,0.9539,-0.2832,0,0.0191,0.2828,0.959,0,0,0.712,0,1]},
{"frame":58,"values":[0.9946,-0.104,-0.0071,0,0.0969,0.9476,-0.3044,0,0.0384,0.302,0.9525,0,0,0.712,0,1]},
{"frame":59,"values":[0.9934,-0.1105,-0.0298,0,0.0946,0.9395,-0.3292,0,0.0644,0.3242,0.9438,0,0,0.712,0,1]},
{"frame":60,"values":[0.9922,-0.1144,-0.049,0,0.0904,0.9331,-0.3481,0,0.0855,0.341,0.9362,0,0,0.712,0,1]},
{"frame":61,"values":[0.9922,-0.1111,-0.0574,0,0.0838,0.9313,-0.3544,0,0.0928,0.3468,0.9333,0,0,0.712,0,1]},
{"frame":62,"values":[0.9953,-0.0774,-0.0587,0,0.0534,0.9406,-0.3354,0,0.0812,0.3306,0.9403,0,0,0.712,0,1]},
{"frame":63,"values":[0.9985,-0.0016,-0.0551,0,-0.0142,0.9584,-0.2851,0,0.0532,0.2855,0.9569,0,0,0.712,0,1]},
{"frame":64,"values":[0.9963,0.0716,-0.0468,0,-0.0806,0.9687,-0.2346,0,0.0285,0.2375,0.971,0,0,0.712,0,1]},
{"frame":65,"values":[0.9942,0.0989,-0.0425,0,-0.1058,0.9708,-0.2154,0,0.02,0.2186,0.9756,0,0,0.712,0,1]},
{"frame":71,"values":[0.9942,0.0989,-0.0425,0,-0.1058,0.9708,-0.2154,0,0.02,0.2186,0.9756,0,0,0.712,0,1]},
{"frame":72,"values":[0.9943,0.0989,-0.0405,0,-0.1054,0.9695,-0.2214,0,0.0174,0.2244,0.9744,0,0,0.712,0,1]},
{"frame":73,"values":[0.9945,0.0988,-0.0335,0,-0.104,0.9654,-0.2391,0,0.0087,0.2413,0.9704,0,0,0.712,0,1]},
{"frame":74,"values":[0.9948,0.0992,-0.0224,0,-0.1016,0.9595,-0.2627,0,-0.0046,0.2636,0.9646,0,0,0.712,0,1]},
{"frame":75,"values":[0.9949,0.1003,-0.0098,0,-0.099,0.9539,-0.2832,0,-0.0191,0.2828,0.959,0,0,0.712,0,1]},
{"frame":76,"values":[0.9946,0.104,0.0071,0,-0.0969,0.9476,-0.3044,0,-0.0384,0.302,0.9525,0,0,0.712,0,1]},
{"frame":77,"values":[0.9934,0.1105,0.0298,0,-0.0946,0.9395,-0.3292,0,-0.0644,0.3242,0.9438,0,0,0.712,0,1]},
{"frame":78,"values":[0.9922,0.1144,0.049,0,-0.0904,0.9331,-0.3481,0,-0.0855,0.341,0.9362,0,0,0.712,0,1]},
{"frame":79,"values":[0.9922,0.1111,0.0574,0,-0.0838,0.9313,-0.3544,0,-0.0928,0.3468,0.9333,0,0,0.712,0,1]},
{"frame":80,"values":[0.9951,0.0782,0.0612,0,-0.0533,0.9406,-0.3354,0,-0.0838,0.3305,0.9401,0,0,0.712,0,1]},
{"frame":81,"values":[0.998,0.0038,0.0627,0,0.0142,0.9584,-0.2851,0,-0.0612,0.2854,0.9565,0,0,0.712,0,1]},
{"frame":82,"values":[0.9961,-0.0693,0.0553,0,0.0804,0.9688,-0.2343,0,-0.0373,0.2378,0.9706,0,0,0.712,0,1]},
{"frame":83,"values":[0.9942,-0.0989,0.0425,0,0.1058,0.9708,-0.2154,0,-0.02,0.2186,0.9756,0,0,0.712,0,1]},
{"frame":84,"values":[0.9944,-0.1011,0.032,0,0.1057,0.9693,-0.2218,0,-0.0086,0.2239,0.9746,0,0,0.712,0,1]},
{"frame":85,"values":[0.9946,-0.1009,0.0258,0,0.1041,0.9653,-0.2395,0,-0.0008,0.2409,0.9705,0,0,0.712,0,1]},
{"frame":86,"values":[0.9948,-0.1,0.0198,0,0.1017,0.9595,-0.2628,0,0.0072,0.2634,0.9647,0,0,0.712,0,1]},
{"frame":87,"values":[0.9949,-0.1003,0.0098,0,0.099,0.9539,-0.2832,0,0.0191,0.2828,0.959,0,0,0.712,0,1]},
{"frame":88,"values":[0.9946,-0.104,-0.0071,0,0.0969,0.9476,-0.3044,0,0.0384,0.302,0.9525,0,0,0.712,0,1]},
{"frame":89,"values":[0.9934,-0.1105,-0.0298,0,0.0946,0.9395,-0.3292,0,0.0644,0.3242,0.9438,0,0,0.712,0,1]},
{"frame":90,"values":[0.9922,-0.1144,-0.049,0,0.0904,0.9331,-0.3481,0,0.0855,0.341,0.9362,0,0,0.712,0,1]},
{"frame":91,"values":[0.9922,-0.1111,-0.0574,0,0.0838,0.9313,-0.3544,0,0.0928,0.3468,0.9333,0,0,0.712,0,1]},
{"frame":92,"values":[0.9953,-0.0774,-0.0587,0,0.0534,0.9406,-0.3354,0,0.0812,0.3306,0.9403,0,0,0.712,0,1]},
{"frame":93,"values":[0.9985,-0.0016,-0.0551,0,-0.0142,0.9584,-0.2851,0,0.0532,0.2855,0.9569,0,0,0.712,0,1]},
{"frame":94,"values":[0.9963,0.0716,-0.0468,0,-0.0806,0.9687,-0.2346,0,0.0285,0.2375,0.971,0,0,0.712,0,1]},
{"frame":95,"values":[0.9942,0.0989,-0.0425,0,-0.1058,0.9708,-0.2154,0,0.02,0.2186,0.9756,0,0,0.712,0,1]}],"loopBehavior":1,"name":"anim","property":"_matrix"}},
{"name":"Head","index":4,"matrix":[1,0.0009,0.0017,0,-0.0012,0.9818,0.1898,0,-0.0015,-0.1898,0.9818,0,0,0.2686,0,1],"rest":[1,0,0,0,0,0.9426,0.3338,0,0,-0.3338,0.9426,0,0,0.2686,0,1],"parentBoneIndex":3,"length":1.0175
,"animation":{"dataType":3,"framePerSecond":60,"keys":[
{"frame":0,"values":[1,0.0009,0.0017,0,-0.0012,0.9818,0.1898,0,-0.0015,-0.1898,0.9818,0,0,0.2686,0,1]},
{"frame":26,"values":[1,0.0009,0.0017,0,-0.0012,0.9818,0.1898,0,-0.0015,-0.1898,0.9818,0,0,0.2686,0,1]},
{"frame":41,"values":[1,0.0009,0.0017,0,-0.0012,0.9818,0.1898,0,-0.0015,-0.1898,0.9818,0,0,0.2686,0,1]},
{"frame":42,"values":[1,0.0008,0.0015,0,-0.001,0.9788,0.2046,0,-0.0013,-0.2046,0.9788,0,0,0.2686,0,1]},
{"frame":43,"values":[1,0.0004,0.0009,0,-0.0006,0.9691,0.2466,0,-0.0007,-0.2466,0.9691,0,0,0.2686,0,1]},
{"frame":44,"values":[1,0.0001,0.0002,0,-0.0002,0.9549,0.297,0,-0.0002,-0.297,0.9549,0,0,0.2686,0,1]},
{"frame":45,"values":[1,0,0,0,0,0.9426,0.3338,0,0,-0.3338,0.9426,0,0,0.2686,0,1]},
{"frame":46,"values":[1,-0.0001,0.0005,0,-0.0001,0.9327,0.3607,0,-0.0005,-0.3607,0.9327,0,0,0.2686,0,1]},
{"frame":47,"values":[1,-0.0003,0.0019,0,-0.0004,0.923,0.3848,0,-0.0019,-0.3848,0.923,0,0,0.2686,0,1]},
{"frame":48,"values":[1,-0.0006,0.0034,0,-0.0008,0.9165,0.4001,0,-0.0033,-0.4001,0.9165,0,0,0.2686,0,1]},
{"frame":49,"values":[1,-0.0007,0.0039,0,-0.0009,0.9144,0.4047,0,-0.0039,-0.4047,0.9144,0,0,0.2686,0,1]},
{"frame":50,"values":[1,-0.0007,0.0031,0,-0.0005,0.9266,0.376,0,-0.0031,-0.376,0.9266,0,0,0.2686,0,1]},
{"frame":51,"values":[1,-0.0007,0.0011,0,0.0003,0.9542,0.2991,0,-0.0012,-0.2991,0.9542,0,0,0.2686,0,1]},
{"frame":52,"values":[1,-0.0008,-0.0009,0,0.001,0.9754,0.2203,0,0.0007,-0.2203,0.9754,0,0,0.2686,0,1]},
{"frame":53,"values":[1,-0.0009,-0.0017,0,0.0012,0.9818,0.1898,0,0.0015,-0.1898,0.9818,0,0,0.2686,0,1]},
{"frame":54,"values":[1,-0.0008,-0.0015,0,0.001,0.9788,0.2046,0,0.0013,-0.2046,0.9788,0,0,0.2686,0,1]},
{"frame":55,"values":[1,-0.0004,-0.0009,0,0.0006,0.9691,0.2466,0,0.0007,-0.2466,0.9691,0,0,0.2686,0,1]},
{"frame":56,"values":[1,-0.0001,-0.0002,0,0.0002,0.9549,0.297,0,0.0002,-0.297,0.9549,0,0,0.2686,0,1]},
{"frame":57,"values":[1,0,0,0,0,0.9426,0.3338,0,0,-0.3338,0.9426,0,0,0.2686,0,1]},
{"frame":58,"values":[1,0.0001,-0.0005,0,0.0001,0.9327,0.3607,0,0.0005,-0.3607,0.9327,0,0,0.2686,0,1]},
{"frame":59,"values":[1,0.0003,-0.0019,0,0.0004,0.923,0.3848,0,0.0019,-0.3848,0.923,0,0,0.2686,0,1]},
{"frame":60,"values":[1,0.0006,-0.0034,0,0.0008,0.9165,0.4001,0,0.0033,-0.4001,0.9165,0,0,0.2686,0,1]},
{"frame":61,"values":[1,0.0007,-0.0039,0,0.0009,0.9144,0.4047,0,0.0039,-0.4047,0.9144,0,0,0.2686,0,1]},
{"frame":62,"values":[1,0.0007,-0.0031,0,0.0005,0.9266,0.376,0,0.0031,-0.376,0.9266,0,0,0.2686,0,1]},
{"frame":63,"values":[1,0.0007,-0.0011,0,-0.0003,0.9542,0.2991,0,0.0012,-0.2991,0.9542,0,0,0.2686,0,1]},
{"frame":64,"values":[1,0.0008,0.0009,0,-0.001,0.9754,0.2203,0,-0.0007,-0.2203,0.9754,0,0,0.2686,0,1]},
{"frame":65,"values":[1,0.0009,0.0017,0,-0.0012,0.9818,0.1898,0,-0.0015,-0.1898,0.9818,0,0,0.2686,0,1]},
{"frame":71,"values":[1,0.0009,0.0017,0,-0.0012,0.9818,0.1898,0,-0.0015,-0.1898,0.9818,0,0,0.2686,0,1]},
{"frame":72,"values":[1,0.0008,0.0015,0,-0.001,0.9788,0.2046,0,-0.0013,-0.2046,0.9788,0,0,0.2686,0,1]},
{"frame":73,"values":[1,0.0004,0.0009,0,-0.0006,0.9691,0.2466,0,-0.0007,-0.2466,0.9691,0,0,0.2686,0,1]},
{"frame":74,"values":[1,0.0001,0.0002,0,-0.0002,0.9549,0.297,0,-0.0002,-0.297,0.9549,0,0,0.2686,0,1]},
{"frame":75,"values":[1,0,0,0,0,0.9426,0.3338,0,0,-0.3338,0.9426,0,0,0.2686,0,1]},
{"frame":76,"values":[1,-0.0001,0.0005,0,-0.0001,0.9327,0.3607,0,-0.0005,-0.3607,0.9327,0,0,0.2686,0,1]},
{"frame":77,"values":[1,-0.0003,0.0019,0,-0.0004,0.923,0.3848,0,-0.0019,-0.3848,0.923,0,0,0.2686,0,1]},
{"frame":78,"values":[1,-0.0006,0.0034,0,-0.0008,0.9165,0.4001,0,-0.0033,-0.4001,0.9165,0,0,0.2686,0,1]},
{"frame":79,"values":[1,-0.0007,0.0039,0,-0.0009,0.9144,0.4047,0,-0.0039,-0.4047,0.9144,0,0,0.2686,0,1]},
{"frame":80,"values":[1,-0.0007,0.0031,0,-0.0005,0.9266,0.376,0,-0.0031,-0.376,0.9266,0,0,0.2686,0,1]},
{"frame":81,"values":[1,-0.0007,0.0011,0,0.0003,0.9542,0.2991,0,-0.0012,-0.2991,0.9542,0,0,0.2686,0,1]},
{"frame":82,"values":[1,-0.0008,-0.0009,0,0.001,0.9754,0.2203,0,0.0007,-0.2203,0.9754,0,0,0.2686,0,1]},
{"frame":83,"values":[1,-0.0009,-0.0017,0,0.0012,0.9818,0.1898,0,0.0015,-0.1898,0.9818,0,0,0.2686,0,1]},
{"frame":84,"values":[1,-0.0008,-0.0015,0,0.001,0.9788,0.2046,0,0.0013,-0.2046,0.9788,0,0,0.2686,0,1]},
{"frame":85,"values":[1,-0.0004,-0.0009,0,0.0006,0.9691,0.2466,0,0.0007,-0.2466,0.9691,0,0,0.2686,0,1]},
{"frame":86,"values":[1,-0.0001,-0.0002,0,0.0002,0.9549,0.297,0,0.0002,-0.297,0.9549,0,0,0.2686,0,1]},
{"frame":87,"values":[1,0,0,0,0,0.9426,0.3338,0,0,-0.3338,0.9426,0,0,0.2686,0,1]},
{"frame":88,"values":[1,0.0001,-0.0005,0,0.0001,0.9327,0.3607,0,0.0005,-0.3607,0.9327,0,0,0.2686,0,1]},
{"frame":89,"values":[1,0.0003,-0.0019,0,0.0004,0.923,0.3848,0,0.0019,-0.3848,0.923,0,0,0.2686,0,1]},
{"frame":90,"values":[1,0.0006,-0.0034,0,0.0008,0.9165,0.4001,0,0.0033,-0.4001,0.9165,0,0,0.2686,0,1]},
{"frame":91,"values":[1,0.0007,-0.0039,0,0.0009,0.9144,0.4047,0,0.0039,-0.4047,0.9144,0,0,0.2686,0,1]},
{"frame":92,"values":[1,0.0007,-0.0031,0,0.0005,0.9266,0.376,0,0.0031,-0.376,0.9266,0,0,0.2686,0,1]},
{"frame":93,"values":[1,0.0007,-0.0011,0,-0.0003,0.9542,0.2991,0,0.0012,-0.2991,0.9542,0,0,0.2686,0,1]},
{"frame":94,"values":[1,0.0008,0.0009,0,-0.001,0.9754,0.2203,0,-0.0007,-0.2203,0.9754,0,0,0.2686,0,1]},
{"frame":95,"values":[1,0.0009,0.0017,0,-0.0012,0.9818,0.1898,0,-0.0015,-0.1898,0.9818,0,0,0.2686,0,1]}],"loopBehavior":1,"name":"anim","property":"_matrix"}},
{"name":"Head_end","index":5,"matrix":[1,0,0,0,0,1,0,0,0,0,1,0,0,1.0175,0,1],"rest":[1,0,0,0,0,1,0,0,0,0,1,0,0,1.0175,0,1],"parentBoneIndex":4,"length":1.0175
,"animation":{"dataType":3,"framePerSecond":60,"keys":[
{"frame":0,"values":[1,0,0,0,0,1,0,0,0,0,1,0,0,1.0175,0,1]},
{"frame":26,"values":[1,0,0,0,0,1,0,0,0,0,1,0,0,1.0175,0,1]},
{"frame":41,"values":[1,0,0,0,0,1,0,0,0,0,1,0,0,1.0175,0,1]},
{"frame":65,"values":[1,0,0,0,0,1,0,0,0,0,1,0,0,1.0175,0,1]},
{"frame":71,"values":[1,0,0,0,0,1,0,0,0,0,1,0,0,1.0175,0,1]},
{"frame":95,"values":[1,0,0,0,0,1,0,0,0,0,1,0,0,1.0175,0,1]}],"loopBehavior":1,"name":"anim","property":"_matrix"}},
{"name":"Shoulder.L","index":6,"matrix":[-0.1317,-0.9828,0.1295,0,0.9845,-0.145,-0.099,0,0.1161,0.1145,0.9866,0,0,0.712,0,1],"rest":[-0.1317,-0.9828,0.1295,0,0.9845,-0.145,-0.099,0,0.1161,0.1145,0.9866,0,0,0.712,0,1],"parentBoneIndex":2,"length":1.4981
,"animation":{"dataType":3,"framePerSecond":60,"keys":[
{"frame":0,"values":[-0.1317,-0.9828,0.1295,0,0.9845,-0.145,-0.099,0,0.1161,0.1145,0.9866,0,0,0.712,0,1]},
{"frame":26,"values":[-0.1317,-0.9828,0.1295,0,0.9845,-0.145,-0.099,0,0.1161,0.1145,0.9866,0,0,0.712,0,1]},
{"frame":41,"values":[-0.1317,-0.9828,0.1295,0,0.9845,-0.145,-0.099,0,0.1161,0.1145,0.9866,0,0,0.712,0,1]},
{"frame":65,"values":[-0.1317,-0.9828,0.1295,0,0.9845,-0.145,-0.099,0,0.1161,0.1145,0.9866,0,0,0.712,0,1]},
{"frame":71,"values":[-0.1317,-0.9828,0.1295,0,0.9845,-0.145,-0.099,0,0.1161,0.1145,0.9866,0,0,0.712,0,1]},
{"frame":95,"values":[-0.1317,-0.9828,0.1295,0,0.9845,-0.145,-0.099,0,0.1161,0.1145,0.9866,0,0,0.712,0,1]}],"loopBehavior":1,"name":"anim","property":"_matrix"}},
{"name":"Upper arm.L","index":7,"matrix":[0.8444,-0.5303,0.0764,0,0.5261,0.8476,0.0692,0,-0.1014,-0.0182,0.9947,0,0,1.4981,0,1],"rest":[0.974,-0.2078,0.0908,0,0.1954,0.9723,0.1285,0,-0.115,-0.1075,0.9875,0,0,1.4981,0,1],"parentBoneIndex":6,"length":0.5393
,"animation":{"dataType":3,"framePerSecond":60,"keys":[
{"frame":0,"values":[0.8444,-0.5303,0.0764,0,0.5261,0.8476,0.0692,0,-0.1014,-0.0182,0.9947,0,0,1.4981,0,1]},
{"frame":26,"values":[0.8444,-0.5303,0.0764,0,0.5261,0.8476,0.0692,0,-0.1014,-0.0182,0.9947,0,0,1.4981,0,1]},
{"frame":41,"values":[0.8444,-0.5303,0.0764,0,0.5261,0.8476,0.0692,0,-0.1014,-0.0182,0.9947,0,0,1.4981,0,1]},
{"frame":42,"values":[0.8148,-0.5754,0.0712,0,0.5716,0.8177,0.0679,0,-0.0973,-0.0146,0.9951,0,0,1.4981,0,1]},
{"frame":43,"values":[0.7255,-0.6858,0.0579,0,0.6829,0.7278,0.0632,0,-0.0854,-0.0063,0.9963,0,0,1.4981,0,1]},
{"frame":44,"values":[0.6214,-0.7822,0.045,0,0.7802,0.623,0.0564,0,-0.0722,0,0.9974,0,0,1.4981,0,1]},
{"frame":45,"values":[0.5784,-0.8148,0.0396,0,0.8131,0.5798,0.0531,0,-0.0662,0.0015,0.9978,0,0,1.4981,0,1]},
{"frame":46,"values":[0.5879,-0.8082,0.0335,0,0.8061,0.5888,0.0599,0,-0.0682,-0.0082,0.9976,0,0,1.4981,0,1]},
{"frame":47,"values":[0.6233,-0.7817,0.0211,0,0.7783,0.6228,0.0803,0,-0.0759,-0.0337,0.9965,0,0,1.4981,0,1]},
{"frame":48,"values":[0.6862,-0.7273,0.0135,0,0.7223,0.6835,0.1058,0,-0.0862,-0.0628,0.9943,0,0,1.4981,0,1]},
{"frame":49,"values":[0.7623,-0.6469,0.0194,0,0.6401,0.7581,0.1246,0,-0.0953,-0.0825,0.992,0,0,1.4981,0,1]},
{"frame":50,"values":[0.8596,-0.5093,0.0407,0,0.5003,0.8553,0.1349,0,-0.1035,-0.0956,0.99,0,0,1.4981,0,1]},
{"frame":51,"values":[0.9545,-0.2887,0.0743,0,0.2773,0.9513,0.1345,0,-0.1095,-0.1078,0.9881,0,0,1.4981,0,1]},
{"frame":52,"values":[0.9915,-0.0791,0.103,0,0.0662,0.9901,0.1236,0,-0.1118,-0.1157,0.987,0,0,1.4981,0,1]},
{"frame":53,"values":[0.9931,0.0218,0.1154,0,-0.0352,0.9928,0.1148,0,-0.1121,-0.1181,0.9867,0,0,1.4981,0,1]},
{"frame":54,"values":[0.9914,0.0555,0.1188,0,-0.0687,0.9916,0.1098,0,-0.1117,-0.117,0.9868,0,0,1.4981,0,1]},
{"frame":55,"values":[0.9899,0.0757,0.1202,0,-0.0885,0.9905,0.1049,0,-0.1111,-0.1145,0.9872,0,0,1.4981,0,1]},
{"frame":56,"values":[0.9893,0.083,0.1201,0,-0.0954,0.9902,0.1015,0,-0.1105,-0.1119,0.9876,0,0,1.4981,0,1]},
{"frame":57,"values":[0.9892,0.084,0.12,0,-0.0963,0.9903,0.1005,0,-0.1104,-0.111,0.9877,0,0,1.4981,0,1]},
{"frame":58,"values":[0.9918,0.0511,0.1171,0,-0.0636,0.9924,0.1054,0,-0.1109,-0.112,0.9875,0,0,1.4981,0,1]},
{"frame":59,"values":[0.9931,-0.0451,0.1081,0,0.0322,0.9924,0.1189,0,-0.1127,-0.1146,0.987,0,0,1.4981,0,1]},
{"frame":60,"values":[0.9813,-0.1672,0.0955,0,0.1538,0.979,0.134,0,-0.1159,-0.1168,0.9864,0,0,1.4981,0,1]},
{"frame":61,"values":[0.9605,-0.2648,0.0849,0,0.2512,0.9572,0.144,0,-0.1195,-0.117,0.9859,0,0,1.4981,0,1]},
{"frame":62,"values":[0.9329,-0.3518,0.0774,0,0.3394,0.9304,0.1381,0,-0.1206,-0.1025,0.9874,0,0,1.4981,0,1]},
{"frame":63,"values":[0.8929,-0.4441,0.0737,0,0.4352,0.8935,0.1105,0,-0.115,-0.0666,0.9911,0,0,1.4981,0,1]},
{"frame":64,"values":[0.8573,-0.5093,0.075,0,0.5038,0.86,0.0808,0,-0.1057,-0.0315,0.9939,0,0,1.4981,0,1]},
{"frame":65,"values":[0.8444,-0.5303,0.0764,0,0.5261,0.8476,0.0692,0,-0.1014,-0.0182,0.9947,0,0,1.4981,0,1]},
{"frame":71,"values":[0.8444,-0.5303,0.0764,0,0.5261,0.8476,0.0692,0,-0.1014,-0.0182,0.9947,0,0,1.4981,0,1]},
{"frame":72,"values":[0.8148,-0.5754,0.0712,0,0.5716,0.8177,0.0679,0,-0.0973,-0.0146,0.9951,0,0,1.4981,0,1]},
{"frame":73,"values":[0.7255,-0.6858,0.0579,0,0.6829,0.7278,0.0632,0,-0.0854,-0.0063,0.9963,0,0,1.4981,0,1]},
{"frame":74,"values":[0.6214,-0.7822,0.045,0,0.7802,0.623,0.0564,0,-0.0722,0,0.9974,0,0,1.4981,0,1]},
{"frame":75,"values":[0.5784,-0.8148,0.0396,0,0.8131,0.5798,0.0531,0,-0.0662,0.0015,0.9978,0,0,1.4981,0,1]},
{"frame":76,"values":[0.5879,-0.8082,0.0335,0,0.8061,0.5888,0.0599,0,-0.0682,-0.0082,0.9976,0,0,1.4981,0,1]},
{"frame":77,"values":[0.6233,-0.7817,0.0211,0,0.7783,0.6228,0.0803,0,-0.0759,-0.0337,0.9965,0,0,1.4981,0,1]},
{"frame":78,"values":[0.6862,-0.7273,0.0135,0,0.7223,0.6835,0.1058,0,-0.0862,-0.0628,0.9943,0,0,1.4981,0,1]},
{"frame":79,"values":[0.7623,-0.6469,0.0194,0,0.6401,0.7581,0.1246,0,-0.0953,-0.0825,0.992,0,0,1.4981,0,1]},
{"frame":80,"values":[0.8596,-0.5093,0.0407,0,0.5003,0.8553,0.1349,0,-0.1035,-0.0956,0.99,0,0,1.4981,0,1]},
{"frame":81,"values":[0.9545,-0.2887,0.0743,0,0.2773,0.9513,0.1345,0,-0.1095,-0.1078,0.9881,0,0,1.4981,0,1]},
{"frame":82,"values":[0.9915,-0.0791,0.103,0,0.0662,0.9901,0.1236,0,-0.1118,-0.1157,0.987,0,0,1.4981,0,1]},
{"frame":83,"values":[0.9931,0.0218,0.1154,0,-0.0352,0.9928,0.1148,0,-0.1121,-0.1181,0.9867,0,0,1.4981,0,1]},
{"frame":84,"values":[0.9914,0.0555,0.1188,0,-0.0687,0.9916,0.1098,0,-0.1117,-0.117,0.9868,0,0,1.4981,0,1]},
{"frame":85,"values":[0.9899,0.0757,0.1202,0,-0.0885,0.9905,0.1049,0,-0.1111,-0.1145,0.9872,0,0,1.4981,0,1]},
{"frame":86,"values":[0.9893,0.083,0.1201,0,-0.0954,0.9902,0.1015,0,-0.1105,-0.1119,0.9876,0,0,1.4981,0,1]},
{"frame":87,"values":[0.9892,0.084,0.12,0,-0.0963,0.9903,0.1005,0,-0.1104,-0.111,0.9877,0,0,1.4981,0,1]},
{"frame":88,"values":[0.9918,0.0511,0.1171,0,-0.0636,0.9924,0.1054,0,-0.1109,-0.112,0.9875,0,0,1.4981,0,1]},
{"frame":89,"values":[0.9931,-0.0451,0.1081,0,0.0322,0.9924,0.1189,0,-0.1127,-0.1146,0.987,0,0,1.4981,0,1]},
{"frame":90,"values":[0.9813,-0.1672,0.0955,0,0.1538,0.979,0.134,0,-0.1159,-0.1168,0.9864,0,0,1.4981,0,1]},
{"frame":91,"values":[0.9605,-0.2648,0.0849,0,0.2512,0.9572,0.144,0,-0.1195,-0.117,0.9859,0,0,1.4981,0,1]},
{"frame":92,"values":[0.9329,-0.3518,0.0774,0,0.3394,0.9304,0.1381,0,-0.1206,-0.1025,0.9874,0,0,1.4981,0,1]},
{"frame":93,"values":[0.8929,-0.4441,0.0737,0,0.4352,0.8935,0.1105,0,-0.115,-0.0666,0.9911,0,0,1.4981,0,1]},
{"frame":94,"values":[0.8573,-0.5093,0.075,0,0.5038,0.86,0.0808,0,-0.1057,-0.0315,0.9939,0,0,1.4981,0,1]},
{"frame":95,"values":[0.8444,-0.5303,0.0764,0,0.5261,0.8476,0.0692,0,-0.1014,-0.0182,0.9947,0,0,1.4981,0,1]}],"loopBehavior":1,"name":"anim","property":"_matrix"}},
{"name":"Lower arm.L","index":8,"matrix":[0.1214,0.0115,0.9925,0,0.3973,0.9158,-0.0592,0,-0.9096,0.4015,0.1066,0,0,0.5393,0,1],"rest":[0.1155,0.0141,0.9932,0,0.5327,0.8431,-0.074,0,-0.8384,0.5376,0.0898,0,0,0.5393,0,1],"parentBoneIndex":7,"length":0.5687
,"animation":{"dataType":3,"framePerSecond":60,"keys":[
